1 0.50223 6.80581 2.98938 18 28
1 -17.8045 6.44606 -9.20394 8 18
1 -0.596695 5.44938 4.683 18 28
1 -0.770775 3.79908 0.49365 45 57
1 -2.6858 16.6482 3.13054 17 27
1 -0.855 0.769 0.151 35 42
1 -6.0432 9.04245 2.7146 16 28
1 -4.95352 12.8258 -1.23905 23 33
1 -4.43865 9.48273 0.629249 16 27
1 -1.99697 8.63971 -0.128544 22 34
1 -8.04542 15.7759 1.12548 16 26
1 -4.94129 11.2842 -4.6286 21 31
1 1.33292 9.32171 -5.45139 15 25
1 -3.84631 7.30446 -6.60531 19 30
1 -20.1395 3.86395 3.19036 13 25
1 -0.972597 2.85944 0.298096 63 76
1 -2.16226 21.1646 1.34782 35 45
1 -0.172133 18.9437 5.60716 9 18
1 -0.389705 4.77331 0.809414 25 36
1 -1.86554 5.88898 0.680119 21 33
1 -4.03089 19.5492 7.81416 10 19
1 -18.86 12.1434 6.06209 18 28
1 -0.513954 15.0462 -1.57415 20 30
1 -1.26098 11.2768 5.2644 23 34
1 -13.0478 9.87653 6.65262 11 21
1 -6.76824 22.5428 -1.43412 9 19
2 -1.07876 23.5891 19.7136 18 27
2 -10.2296 6.27139 -0.160385 20 30
2 -14.9013 -8.63972 3.26679 19 29
2 -13.7945 -18.6725 5.47606 18 27
2 -15.4848 3.942 0.520424 27 36
2 -10.5175 3.2511 -0.859159 34 44
2 -14.6288 -4.82042 1.23891 25 35
2 -8.648 3.86604 -0.664178 17 28
2 -3.23172 3.03195 0.38807 24 36
2 -5.76709 -2.79282 4.18802 16 28
2 -22.4586 -3.2057 2.16786 22 32
2 -19.2778 4.93967 0.523422 16 24
2 -4.76634 2.35379 -0.060277 21 30
2 -2.68328 -0.027903 0.0612206 16 28
2 -12.4684 6.06903 5.50735 7 16
2 -2.982 2.17571 1.16615 15 26
2 -17.881 -11.8312 -0.813948 27 36
2 -6.12486 3.38799 -0.831194 15 26
2 -14.4555 -7.93056 2.9478 23 33
2 -14.2926 3.31337 -8.57088 12 21
2 -18.2031 3.518 -0.589548 20 30
2 -23.2235 -6.12669 -19.7921 11 21
2 -21.6156 -4.57299 -1.00259 24 34
2 -20.2949 3.47981 -0.609304 28 38
2 -11.3165 2.65401 -0.759784 21 31
3 -15.2471 9.33929 3.09494 12 20
3 -14.84 -4.66459 -0.869887 21 30
3 2.97965 -11.6964 6.54484 20 30
3 -19.8144 -14.9579 5.20105 18 27
3 -4.80716 -10.94 2.26761 31 40
3 -18.2161 -14.5752 -1.06177 17 26
3 1.1065 -4.78864 0.706192 29 39
3 -9.86715 -10.7541 2.24451 16 26
3 -14.72 -15.524 -1.27166 25 34
3 -14.8903 -8.29916 0.46226 16 24
3 -8.86445 -11.0075 0.658683 22 31
3 -14.4526 -7.29633 1.85718 13 21
3 -14.4217 -17.6075 -7.45428 15 24
3 -3.47385 -10.8809 0.599348 35 44
3 2.83667 -18.7541 -15.0882 15 24
3 -0.787972 -3.01584 -0.118908 27 39
3 -18.8529 -14.5715 -7.49514 15 24
3 1.4108 -8.60614 1.35494 43 53
3 -17.9093 -9.74319 -2.77503 24 33
3 -2.628 -9.85696 0.872921 29 39
3 -21.5704 0.373613 -5.69052 22 31
4 1.14679 12.4626 -1.30451 7 29
4 1.18032 12.8055 -1.24792 8 30
4 7.12361 4.67241 0.175224 25 51
4 -0.082833 9.59485 -3.29461 19 35
4 1.06001 12.6368 -1.50526 18 39
4 3.33251 3.5562 -0.242399 33 52
4 4.61956 5.13197 0.362323 17 33
4 2.59306 2.7284 2.19697 33 51
4 4.03317 11.5684 0.30868 15 31
4 4.28723 4.37144 2.35058 22 38
4 4.12375 12.6975 -0.371815 11 27
4 -1.24455 3.37856 2.01698 36 52
4 1.11175 14.9956 -1.68068 8 24
4 0.935203 5.07501 -0.461117 31 47
4 0.952358 2.88401 -0.0682531 39 65
4 1.66832 11.3539 -1.27268 20 45
4 7.07221 5.66424 0.10092 25 54
4 2.78131 6.95038 4.32659 18 36
6 5.70556 22.1906 5.41767 9 18
6 18.7479 11.0953 -3.63088 22 30
6 2.31263 2.70209 -0.449793 18 29
6 -3.8605 14.7274 6.487 16 25
6 3.13636 4.00208 0.740639 41 51
6 17.0415 17.4346 -0.781735 16 25
6 2.52566 12.3405 0.494147 36 45
6 2.56262 16.4188 -14.4609 15 24
6 8.92001 6.82506 -1.09829 30 39
6 0.785479 14.531 -1.32029 15 24
6 2.54695 11.4959 1.40122 29 38
6 -3.46562 15.936 -2.657 13 22
6 2.70325 10.4112 2.09283 25 34
6 16.6795 10.3291 -7.21281 12 22
6 -10.3332 20.183 22.3875 7 16
6 -5.41746 20.0551 -7.65382 12 21
6 2.35209 3.5606 0.4747 37 48
6 -0.178964 14.9163 1.85418 11 20
6 2.251 0.875 -0.088 29 41
6 14.1887 14.0321 -6.27097 10 19
6 1.06739 13.8053 2.03271 22 31
6 7.32329 6.2717 -0.694863 41 51
6 6.96328 4.88494 -0.835438 36 46
6 3.97941 4.60321 -1.02672 41 51
6 1.35031 5.79321 -4.38771 25 35
5 11.6807 -15.0182 1.58094 8 17
5 7.49878 -7.54886 -4.05302 31 40
5 -17.8053 0.78317 -10.0624 10 18
5 -19.8441 0.96486 -17.7641 10 19
5 -16.8037 -12.7999 -1.25124 19 27
5 -18.637 -11.9815 3.57156 18 26
5 3.84542 -19.9991 -12.8919 17 26
5 0.0596251 -2.97656 -0.766622 26 37
5 -5.62777 -11.6744 1.91786 17 26
5 6.47514 -13.7199 4.12131 24 33
5 -18.9973 -13.2374 -1.63807 17 26
5 5.78998 -16.0211 -8.95293 22 31
5 -1.51415 -2.85487 -0.338939 16 27
5 3.15919 -7.90547 -0.232644 44 54
5 -7.78397 -18.8432 0.378876 14 22
5 -0.587958 -9.22722 -0.847841 35 45
5 -3.51313 -10.9178 -2.46154 46 57
5 -5.35986 -10.8681 -0.363365 23 31
5 1.55955 -4.58602 -0.397833 46 57
5 -14.6461 -7.65704 0.703458 18 27
5 5.69679 -13.0303 -8.59343 19 27
5 6.94036 -14.4877 -0.262862 25 34
7 -17.7577 -2.61823 7.33721 14 25
7 14.8885 -13.1389 -7.48887 9 19
7 25.222 -2.85581 7.69379 17 27
7 -2.30133 -9.96586 -5.53387 19 30
7 -3.54132 -10.9318 -0.762933 29 40
7 6.69063 -8.03737 -0.841037 27 38
7 6.1427 -16.4222 -1.95837 15 26
7 3.36016 -7.94229 -1.03165 25 37
7 4.13904 -9.60702 -0.816332 33 44
7 7.55514 -3.77188 -0.0129567 22 34
7 5.96744 -18.9784 7.48483 13 22
7 6.77794 -15.5136 -3.29335 20 30
7 8.74012 -16.6642 -1.74914 10 21
7 -4.82823 -4.00244 6.34515 19 30
7 5.97013 -13.5217 -0.907682 38 47
7 3.17689 -11.5684 -1.42231 25 36
7 6.99461 -14.587 0.482872 21 32
7 2.229 -0.876 -0.084 27 42
7 5.04255 -21.5448 8.97443 6 17
7 20.5584 -12.3804 0.592159 7 16
8 -0.06149 23.5711 -4.90875 7 16
8 15.8708 10.7171 0.425855 21 31
8 8.86025 9.86463 1.95446 21 30
8 6.66748 6.09571 0.256516 43 54
8 0.432917 11.4231 -1.97175 20 30
8 4.68023 4.84247 0.122238 37 49
8 11.9422 9.81815 7.11388 17 28
8 7.79564 7.82281 -0.137257 35 45
8 0.366003 12.1664 5.3264 17 27
8 8.10065 8.40603 0.719891 30 41
8 5.50049 2.04958 2.098 14 26
8 8.70963 9.20449 0.647717 25 36
8 11.674 11.3508 -0.165152 14 23
8 18.494 12.0461 1.96856 21 30
8 12.5545 11.1648 0.690928 13 23
8 6.83375 7.19058 -0.430417 40 51
8 15.8186 12.6801 1.52931 12 21
8 2.80957 3.85326 0.19462 33 45
8 13.7961 15.7079 9.47717 11 21
8 15.1604 10.1544 -0.125664 24 35
8 6.23319 5.66428 0.318056 48 59
8 6.95281 6.58063 0.149222 37 47
8 18.3027 10.1954 -1.44894 7 16
8 3.414 0.851 -0.0086 26 40
9 6.78635 23.2548 10.2586 15 27
9 19.0305 -5.60161 -1.80773 22 34
9 14.8996 7.53117 -1.77896 19 31
9 15.5123 9.91274 -1.29718 17 28
9 3.754 0.424 0.176 36 48
9 14.995 8.69015 1.59068 17 29
9 15.2755 9.3558 0.574571 26 37
9 6.25936 7.70832 0.536952 42 55
9 17.5894 12.1812 -0.816425 24 36
9 19.3682 7.93798 15.5695 15 27
9 15.5765 11.2512 0.48909 23 35
9 15.3404 17.0508 -1.32671 14 25
9 6.74986 7.04322 0.459741 37 50
9 12.9004 17.4333 -5.9048 12 23
9 6.64806 8.09966 0.688362 26 39
9 15.2982 5.64979 -1.94248 8 20
9 23.2319 -7.17102 -5.86164 8 19
9 7.11844 8.70406 0.490144 23 36
9 6.64131 5.03158 1.04313 33 47
10 -1.43461 -19.6809 -8.54534 8 19
10 18.2223 -5.72192 -2.28087 14 24
10 20.3152 -15.4607 1.39817 12 24
10 7.79861 -4.41523 0.264619 30 42
10 15.3386 6.89406 0.283177 12 22
10 6.52701 -8.19626 -0.562812 25 37
10 24.3107 -5.35431 5.56614 11 22
10 7.34571 -3.8494 -0.152677 16 29
10 26.8803 -4.9272 8.2901 11 22
10 13.4887 10.5478 0.520207 15 27
10 23.6274 -8.99639 -0.331156 10 22
10 18.4925 -7.20131 -0.900235 26 38
10 3.748 -0.445 0.176 30 44
10 8.01422 -12.9564 -3.04432 15 26
10 20.7996 6.93002 1.19148 20 30
10 19.8694 -7.52959 -6.14562 7 18
11 -8.42264 -21.0407 18.597 12 24
11 19.0729 -5.19415 0.562022 19 30
11 19.5604 -11.4085 0.744382 21 32
11 4.08024 -16.4213 0.417738 19 30
11 4.01802 -9.57142 0.0597587 34 46
11 5.80704 -13.5906 -0.464439 51 62
11 7.44586 -4.46378 0.874389 29 42
11 2.92456 -2.74296 -0.458329 18 33
11 4.97444 -14.5672 0.638624 25 36
11 1.1504 -4.48145 0.142431 18 31
11 3.26889 -7.99537 -0.845305 24 37
11 20.1866 -15.9067 -3.42783 16 27
11 4.3158 -10.3784 0.0288145 45 58
11 19.2779 -14.4316 0.725136 15 27
11 3.6282 -11.6361 -1.43835 32 43
11 22.4776 -11.0523 -5.92529 15 27
11 6.22485 -17.4518 0.714932 25 37
11 6.71849 -19.0787 -3.10665 13 24
11 5.56093 -18.5417 -0.147881 20 32
11 6.65132 -15.2836 -0.759681 22 33
11 10.8701 -3.95442 6.79272 28 40