0.50223 6.80581 18
-17.8045 6.44606 8
-0.596695 5.44938 18
-0.770775 3.79908 45
-2.6858 16.6482 17
-0.855 0.769 35
-6.0432 9.04245 16
-4.95352 12.8258 23
-4.43865 9.48273 16
-1.99697 8.63971 22
-8.04542 15.7759 16
-4.94129 11.2842 21
1.33292 9.32171 15
-3.84631 7.30446 19
-20.1395 3.86395 13
-0.972597 2.85944 63
-2.16226 21.1646 35
-0.172133 18.9437 9
-0.389705 4.77331 25
-1.86554 5.88898 21
-4.03089 19.5492 10
-18.86 12.1434 18
-0.513954 15.0462 20
-1.26098 11.2768 23
-13.0478 9.87653 11
-6.76824 22.5428 9
-1.07876 23.5891 18
-10.2296 6.27139 20
-14.9013 -8.63972 19
-13.7945 -18.6725 18
-15.4848 3.942 27
-10.5175 3.2511 34
-14.6288 -4.82042 25
-8.648 3.86604 17
-3.23172 3.03195 24
-5.76709 -2.79282 16
-22.4586 -3.2057 22
-19.2778 4.93967 16
-4.76634 2.35379 21
-2.68328 -0.027903 16
-12.4684 6.06903 7
-2.982 2.17571 15
-17.881 -11.8312 27
-6.12486 3.38799 15
-14.4555 -7.93056 23
-14.2926 3.31337 12
-18.2031 3.518 20
-23.2235 -6.12669 11
-21.6156 -4.57299 24
-20.2949 3.47981 28
-11.3165 2.65401 21
-15.2471 9.33929 12
-14.84 -4.66459 21
2.97965 -11.6964 20
-19.8144 -14.9579 18
-4.80716 -10.94 31
-18.2161 -14.5752 17
1.1065 -4.78864 29
-9.86715 -10.7541 16
-14.72 -15.524 25
-14.8903 -8.29916 16
-8.86445 -11.0075 22
-14.4526 -7.29633 13
-14.4217 -17.6075 15
-3.47385 -10.8809 35
2.83667 -18.7541 15
-0.787972 -3.01584 27
-18.8529 -14.5715 15
1.4108 -8.60614 43
-17.9093 -9.74319 24
-2.628 -9.85696 29
-21.5704 0.373613 22
1.14679 12.4626 7
1.18032 12.8055 8
7.12361 4.67241 25
-0.082833 9.59485 19
1.06001 12.6368 18
3.33251 3.5562 33
4.61956 5.13197 17
2.59306 2.7284 33
4.03317 11.5684 15
4.28723 4.37144 22
4.12375 12.6975 11
-1.24455 3.37856 36
1.11175 14.9956 8
0.935203 5.07501 31
0.952358 2.88401 39
1.66832 11.3539 20
7.07221 5.66424 25
2.78131 6.95038 18
5.70556 22.1906 9
18.7479 11.0953 22
2.31263 2.70209 18
-3.8605 14.7274 16
3.13636 4.00208 41
17.0415 17.4346 16
2.52566 12.3405 36
2.56262 16.4188 15
8.92001 6.82506 30
0.785479 14.531 15
2.54695 11.4959 29
-3.46562 15.936 13
2.70325 10.4112 25
16.6795 10.3291 12
-10.3332 20.183 7
-5.41746 20.0551 12
2.35209 3.5606 37
-0.178964 14.9163 11
2.251 0.875 29
14.1887 14.0321 10
1.06739 13.8053 22
7.32329 6.2717 41
6.96328 4.88494 36
3.97941 4.60321 41
1.35031 5.79321 25
11.6807 -15.0182 8
7.49878 -7.54886 31
-17.8053 0.78317 10
-19.8441 0.96486 10
-16.8037 -12.7999 19
-18.637 -11.9815 18
3.84542 -19.9991 17
0.0596251 -2.97656 26
-5.62777 -11.6744 17
6.47514 -13.7199 24
-18.9973 -13.2374 17
5.78998 -16.0211 22
-1.51415 -2.85487 16
3.15919 -7.90547 44
-7.78397 -18.8432 14
-0.587958 -9.22722 35
-3.51313 -10.9178 46
-5.35986 -10.8681 23
1.55955 -4.58602 46
-14.6461 -7.65704 18
5.69679 -13.0303 19
6.94036 -14.4877 25
-17.7577 -2.61823 14
14.8885 -13.1389 9
25.222 -2.85581 17
-2.30133 -9.96586 19
-3.54132 -10.9318 29
6.69063 -8.03737 27
6.1427 -16.4222 15
3.36016 -7.94229 25
4.13904 -9.60702 33
7.55514 -3.77188 22
5.96744 -18.9784 13
6.77794 -15.5136 20
8.74012 -16.6642 10
-4.82823 -4.00244 19
5.97013 -13.5217 38
3.17689 -11.5684 25
6.99461 -14.587 21
2.229 -0.876 27
5.04255 -21.5448 6
20.5584 -12.3804 7
-0.06149 23.5711 7
15.8708 10.7171 21
8.86025 9.86463 21
6.66748 6.09571 43
0.432917 11.4231 20
4.68023 4.84247 37
11.9422 9.81815 17
7.79564 7.82281 35
0.366003 12.1664 17
8.10065 8.40603 30
5.50049 2.04958 14
8.70963 9.20449 25
11.674 11.3508 14
18.494 12.0461 21
12.5545 11.1648 13
6.83375 7.19058 40
15.8186 12.6801 12
2.80957 3.85326 33
13.7961 15.7079 11
15.1604 10.1544 24
6.23319 5.66428 48
6.95281 6.58063 37
18.3027 10.1954 7
3.414 0.851 26
6.78635 23.2548 15
19.0305 -5.60161 22
14.8996 7.53117 19
15.5123 9.91274 17
3.754 0.424 36
14.995 8.69015 17
15.2755 9.3558 26
6.25936 7.70832 42
17.5894 12.1812 24
19.3682 7.93798 15
15.5765 11.2512 23
15.3404 17.0508 14
6.74986 7.04322 37
12.9004 17.4333 12
6.64806 8.09966 26
15.2982 5.64979 8
23.2319 -7.17102 8
7.11844 8.70406 23
6.64131 5.03158 33
-1.43461 -19.6809 8
18.2223 -5.72192 14
20.3152 -15.4607 12
7.79861 -4.41523 30
15.3386 6.89406 12
6.52701 -8.19626 25
24.3107 -5.35431 11
7.34571 -3.8494 16
26.8803 -4.9272 11
13.4887 10.5478 15
23.6274 -8.99639 10
18.4925 -7.20131 26
3.748 -0.445 30
8.01422 -12.9564 15
20.7996 6.93002 20
19.8694 -7.52959 7
-8.42264 -21.0407 12
19.0729 -5.19415 19
19.5604 -11.4085 21
4.08024 -16.4213 19
4.01802 -9.57142 34
5.80704 -13.5906 51
7.44586 -4.46378 29
2.92456 -2.74296 18
4.97444 -14.5672 25
1.1504 -4.48145 18
3.26889 -7.99537 24
20.1866 -15.9067 16
4.3158 -10.3784 45
19.2779 -14.4316 15
3.6282 -11.6361 32
22.4776 -11.0523 15
6.22485 -17.4518 25
6.71849 -19.0787 13
5.56093 -18.5417 20
6.65132 -15.2836 22
10.8701 -3.95442 28
